File               DER    JER    B3-Precision    B3-Recall    B3-F1    GKT(ref, sys)    GKT(sys, ref)    H(ref|sys)    H(sys|ref)    MI    NMI
---------------  -----  -----  --------------  -----------  -------  ---------------  ---------------  ------------  ------------  ----  -----
DH_EVAL_0001      8.07  35.98            0.96         0.94     0.95             0.90             0.92          0.15          0.13  1.39   0.91
DH_EVAL_0002     36.82  74.40            0.44         1.00     0.61             1.00             0.10          1.45          0.00  0.27   0.40
DH_EVAL_0004      8.61  13.02            0.86         0.93     0.89             0.88             0.77          0.44          0.19  1.20   0.80
DH_EVAL_0009     40.26  52.44            0.49         0.68     0.57             0.61             0.42          1.88          0.91  1.56   0.53
DH_EVAL_0010      6.97  10.03            0.89         0.94     0.91             0.90             0.84          0.34          0.18  1.35   0.84
DH_EVAL_0012     12.99  17.01            0.77         0.88     0.82             0.80             0.65          0.65          0.31  1.04   0.69
DH_EVAL_0013      0.00   0.00            1.00         1.00     1.00             1.00             1.00          0.00          0.00  0.77   1.00
DH_EVAL_0014      8.23  17.62            0.88         0.94     0.91             0.89             0.81          0.42          0.17  1.40   0.83
DH_EVAL_0015     46.27  67.44            0.39         0.61     0.48             0.40             0.27          2.26          1.00  0.94   0.38
DH_EVAL_0017     51.33  91.23            0.46         1.00     0.63             1.00             0.31          2.03          0.00  0.81   0.54
DH_EVAL_0018     43.75  79.72            0.72         1.00     0.83             1.00             0.55          0.71          0.00  1.00   0.76
DH_EVAL_0019     57.91  86.14            0.19         1.00     0.33             1.00             0.06          2.85          0.00  0.25   0.29
DH_EVAL_0020     29.80  89.55            0.69         1.00     0.82             1.00             0.54          1.01          0.00  0.96   0.70
DH_EVAL_0023      2.48   5.65            0.98         0.98     0.98             0.97             0.96          0.09          0.05  1.31   0.95
DH_EVAL_0025     45.63  86.78            0.57         1.00     0.72             1.00             0.42          1.25          0.00  0.95   0.66
DH_EVAL_0027      2.29  18.68            0.96         0.99     0.98             0.98             0.94          0.16          0.04  1.94   0.95
DH_EVAL_0031     51.55  86.18            0.56         1.00     0.72             1.00             0.41          1.40          0.00  0.95   0.64
DH_EVAL_0034     55.96  86.99            0.27         1.00     0.42             1.00             0.15          2.64          0.00  0.55   0.42
DH_EVAL_0037     31.84  44.55            0.66         0.76     0.71             0.71             0.61          1.34          0.69  2.08   0.68
DH_EVAL_0038      0.06   0.07            1.00         1.00     1.00             1.00             1.00          0.01          0.01  0.83   0.99
DH_EVAL_0039      2.72  23.94            0.96         0.98     0.97             0.94             0.89          0.16          0.05  0.83   0.89
DH_EVAL_0040      0.00   0.00            1.00         1.00     1.00             1.00             1.00          0.00          0.00  0.75   1.00
DH_EVAL_0041      3.40  13.34            0.95         0.99     0.97             0.97             0.89          0.19          0.05  1.09   0.90
DH_EVAL_0042      2.29   4.59            0.98         0.99     0.98             0.98             0.96          0.09          0.05  1.36   0.95
DH_EVAL_0043      1.98   4.32            0.97         0.99     0.98             0.98             0.94          0.12          0.04  1.31   0.94
DH_EVAL_0044     43.97  48.71            0.39         0.63     0.48             0.55             0.33          2.34          1.09  1.52   0.48
DH_EVAL_0046      3.71   7.93            0.95         0.96     0.96             0.94             0.92          0.18          0.11  1.33   0.90
DH_EVAL_0047     10.97  14.56            0.82         0.90     0.85             0.83             0.72          0.55          0.28  1.15   0.74
DH_EVAL_0049      3.76   5.20            0.98         0.97     0.98             0.95             0.96          0.09          0.10  1.37   0.94
DH_EVAL_0050      2.66   8.12            0.97         0.99     0.98             0.98             0.94          0.13          0.03  1.28   0.94
DH_EVAL_0052      1.64  11.03            0.97         0.98     0.98             0.94             0.92          0.11          0.05  0.81   0.91
DH_EVAL_0053     35.43  77.42            0.69         1.00     0.81             1.00             0.53          0.77          0.00  0.96   0.74
DH_EVAL_0054      1.12   4.15            0.99         0.99     0.99             0.99             0.97          0.06          0.02  1.29   0.97
DH_EVAL_0056     33.48  44.07            0.58         0.78     0.67             0.72             0.52          1.67          0.64  1.75   0.61
DH_EVAL_0058      3.11  10.22            0.96         0.98     0.97             0.95             0.92          0.16          0.06  1.22   0.92
DH_EVAL_0060      5.90  10.58            0.93         0.94     0.94             0.91             0.90          0.19          0.16  1.42   0.89
DH_EVAL_0061     51.14  67.78            0.27         0.86     0.41             0.72             0.16          2.50          0.32  0.88   0.44
DH_EVAL_0063     43.25  69.60            0.58         1.00     0.74             1.00             0.39          0.97          0.00  0.80   0.67
DH_EVAL_0064      9.30  42.31            0.87         0.92     0.89             0.87             0.81          0.42          0.24  1.33   0.80
DH_EVAL_0066      5.86  40.39            0.89         0.98     0.93             0.97             0.82          0.38          0.05  1.46   0.87
DH_EVAL_0067     64.00  93.12            0.53         1.00     0.69             1.00             0.38          1.57          0.00  0.98   0.62
DH_EVAL_0070      2.30   5.08            0.97         0.98     0.98             0.97             0.95          0.12          0.05  1.33   0.94
DH_EVAL_0071      4.06  19.95            0.94         0.97     0.95             0.96             0.92          0.24          0.11  2.20   0.93
DH_EVAL_0072      4.07   5.57            0.95         0.98     0.96             0.97             0.92          0.21          0.07  1.68   0.92
DH_EVAL_0073      0.00   0.00            1.00         1.00     1.00             1.00             1.00          0.00          0.00  0.98   1.00
DH_EVAL_0075      2.92   6.44            0.96         0.97     0.97             0.95             0.94          0.13          0.10  1.36   0.92
DH_EVAL_0076     11.84  17.32            0.80         0.92     0.86             0.86             0.68          0.57          0.23  1.10   0.74
DH_EVAL_0077      0.00   0.00            1.00         1.00     1.00             1.00             1.00          0.00          0.00  0.87   1.00
DH_EVAL_0078     33.15  74.20            0.47         0.90     0.62             0.68             0.25          1.62          0.24  0.64   0.45
DH_EVAL_0079     12.17  20.88            0.79         0.93     0.86             0.85             0.65          0.59          0.19  1.02   0.73
DH_EVAL_0081      0.00   0.00            1.00         1.00     1.00             1.00             1.00          0.00          0.00  0.64   1.00
DH_EVAL_0082      1.37  27.18            0.98         0.99     0.99             0.99             0.97          0.09          0.02  1.66   0.97
DH_EVAL_0083      8.93  16.76            0.90         0.93     0.91             0.89             0.84          0.31          0.16  1.31   0.85
DH_EVAL_0084      1.50  27.67            0.98         1.00     0.99             1.00             0.96          0.07          0.01  1.50   0.97
DH_EVAL_0085     32.74  57.14            0.68         0.84     0.75             0.76             0.57          0.99          0.38  1.20   0.64
DH_EVAL_0086     52.28  90.16            0.72         1.00     0.83             1.00             0.55          0.76          0.00  0.99   0.75
DH_EVAL_0087     13.30  15.56            0.77         0.90     0.83             0.83             0.65          0.64          0.27  1.10   0.71
DH_EVAL_0089     12.23  15.57            0.78         0.90     0.84             0.82             0.66          0.61          0.27  1.06   0.71
DH_EVAL_0090     34.80  51.42            0.81         0.66     0.73             0.59             0.76          0.55          0.81  1.85   0.73
DH_EVAL_0092      2.81   6.47            0.96         0.97     0.96             0.95             0.94          0.13          0.11  1.33   0.92
DH_EVAL_0094      9.97  41.44            0.86         0.94     0.90             0.90             0.79          0.44          0.19  1.33   0.81
DH_EVAL_0095     29.73  56.23            0.73         0.87     0.80             0.80             0.61          0.81          0.30  1.19   0.69
DH_EVAL_0096      5.47   8.18            0.93         0.95     0.94             0.93             0.89          0.24          0.14  1.44   0.88
DH_EVAL_0097     11.09  17.60            0.89         0.91     0.90             0.87             0.83          0.32          0.22  1.32   0.83
DH_EVAL_0098     12.03  23.78            0.82         0.91     0.86             0.83             0.68          0.50          0.25  1.04   0.74
DH_EVAL_0099      1.05   1.95            0.98         0.99     0.99             0.99             0.98          0.08          0.03  2.80   0.98
DH_EVAL_0100     46.71  69.18            0.46         0.68     0.55             0.58             0.36          2.10          0.80  1.40   0.50
DH_EVAL_0101      0.20  50.07            1.00         1.00     1.00             1.00             0.99          0.01          0.00  0.97   0.99
DH_EVAL_0103      3.11   5.60            0.96         0.97     0.96             0.95             0.94          0.16          0.11  1.44   0.91
DH_EVAL_0105     49.63  72.52            0.49         0.96     0.64             0.92             0.38          1.81          0.09  1.15   0.60
DH_EVAL_0106     11.37  13.27            0.80         0.91     0.85             0.85             0.69          0.56          0.23  1.12   0.74
DH_EVAL_0107      1.76   2.40            0.98         0.99     0.98             0.99             0.97          0.09          0.04  1.81   0.96
DH_EVAL_0108      8.15  16.07            0.87         0.95     0.91             0.90             0.78          0.38          0.14  1.16   0.82
DH_EVAL_0111     36.10  45.88            0.49         0.79     0.60             0.74             0.42          2.20          0.60  1.88   0.59
DH_EVAL_0112     42.34  90.73            0.65         1.00     0.79             1.00             0.49          1.25          0.00  1.00   0.67
DH_EVAL_0113      5.33   9.77            0.92         0.95     0.94             0.92             0.88          0.26          0.15  1.35   0.87
DH_EVAL_0115     12.42  17.74            0.82         0.91     0.86             0.87             0.75          0.64          0.26  1.58   0.78
DH_EVAL_0116     56.52  81.60            0.50         1.00     0.67             1.00             0.36          1.52          0.00  0.94   0.62
DH_EVAL_0118      7.67  12.73            0.88         0.93     0.91             0.89             0.82          0.37          0.18  1.26   0.82
DH_EVAL_0121      8.82  16.15            0.92         0.94     0.93             0.90             0.87          0.26          0.16  1.28   0.86
DH_EVAL_0122      0.02   0.02            1.00         1.00     1.00             1.00             1.00          0.00          0.00  0.77   1.00
DH_EVAL_0124      3.78   5.26            0.95         0.98     0.96             0.96             0.93          0.18          0.07  1.48   0.92
DH_EVAL_0125     10.44  43.68            0.91         0.95     0.93             0.92             0.86          0.27          0.12  1.29   0.87
DH_EVAL_0127      7.60  14.53            0.92         0.93     0.93             0.89             0.88          0.23          0.19  1.31   0.86
DH_EVAL_0128      1.86  50.54            0.97         1.00     0.98             1.00             0.86          0.14          0.00  0.52   0.89
DH_EVAL_0130      9.47  13.63            0.85         0.90     0.88             0.85             0.77          0.46          0.26  1.23   0.78
DH_EVAL_0131     13.95  48.64            0.84         0.86     0.85             0.80             0.77          0.42          0.33  1.25   0.77
DH_EVAL_0132      3.56   5.85            0.95         0.97     0.96             0.95             0.92          0.19          0.10  1.38   0.91
DH_EVAL_0133     17.85  47.46            0.72         0.88     0.80             0.81             0.61          0.86          0.30  1.16   0.68
DH_EVAL_0135      8.80  14.01            0.88         0.91     0.90             0.87             0.83          0.35          0.24  1.34   0.82
DH_EVAL_0137      2.44   2.30            0.96         0.99     0.97             0.98             0.95          0.16          0.05  2.57   0.96
DH_EVAL_0138      4.68  11.43            0.93         0.96     0.95             0.93             0.88          0.24          0.12  1.23   0.87
DH_EVAL_0139     40.46  44.55            0.47         0.68     0.56             0.60             0.40          1.92          0.95  1.47   0.51
DH_EVAL_0140      2.11  12.82            0.97         0.99     0.98             0.99             0.95          0.13          0.02  2.51   0.97
DH_EVAL_0142      2.85  34.46            0.96         0.97     0.97             0.96             0.94          0.11          0.07  1.50   0.94
DH_EVAL_0143     25.54  62.76            0.76         1.00     0.86             1.00             0.61          0.52          0.00  0.95   0.80
DH_EVAL_0144      4.38   7.59            0.94         0.96     0.95             0.94             0.90          0.22          0.13  1.37   0.89
DH_EVAL_0145     10.84  42.87            0.90         0.91     0.90             0.86             0.86          0.32          0.29  1.39   0.82
DH_EVAL_0146      6.28   9.54            0.99         0.94     0.96             0.92             0.99          0.04          0.13  1.94   0.96
DH_EVAL_0147      3.39   7.89            0.96         0.98     0.97             0.96             0.93          0.16          0.07  1.31   0.92
DH_EVAL_0149      2.86   5.70            0.96         0.98     0.97             0.96             0.94          0.15          0.07  1.38   0.93
DH_EVAL_0150      0.00   0.00            1.00         1.00     1.00             1.00             1.00          0.00          0.00  0.68   1.00
DH_EVAL_0151      0.02   0.02            1.00         1.00     1.00             1.00             1.00          0.00          0.00  0.75   1.00
DH_EVAL_0152     56.52  82.40            0.35         0.73     0.47             0.60             0.27          2.81          0.63  1.17   0.44
DH_EVAL_0153     28.90  56.72            0.62         0.86     0.72             0.75             0.48          1.14          0.31  1.03   0.60
DH_EVAL_0155      6.62  10.23            0.91         0.94     0.93             0.92             0.87          0.29          0.16  1.39   0.86
DH_EVAL_0157      7.52  11.49            0.92         0.94     0.93             0.92             0.88          0.25          0.15  1.39   0.87
DH_EVAL_0158      3.84   7.24            0.96         0.96     0.96             0.94             0.93          0.14          0.10  1.44   0.92
DH_EVAL_0159      4.29  11.92            0.93         0.96     0.95             0.92             0.87          0.24          0.12  1.11   0.86
DH_EVAL_0160     61.57  77.65            0.41         0.69     0.51             0.55             0.33          2.51          0.69  1.31   0.48
DH_EVAL_0161     38.56  68.30            0.49         0.77     0.60             0.70             0.41          2.10          0.63  1.64   0.56
DH_EVAL_0164     35.85  66.94            0.58         0.73     0.65             0.66             0.49          1.75          0.71  1.51   0.56
DH_EVAL_0165      0.07   0.07            1.00         1.00     1.00             1.00             1.00          0.00          0.00  0.95   1.00
DH_EVAL_0166     50.37  73.25            0.54         0.68     0.60             0.53             0.41          1.63          0.80  1.23   0.51
DH_EVAL_0167      6.57  10.36            0.92         0.95     0.94             0.93             0.88          0.24          0.13  1.44   0.89
DH_EVAL_0168     11.86  16.04            0.79         0.89     0.84             0.80             0.65          0.59          0.29  0.98   0.69
DH_EVAL_0169      2.96   5.84            0.96         0.98     0.97             0.96             0.93          0.15          0.07  1.36   0.93
DH_EVAL_0170     10.63  14.05            0.84         0.91     0.87             0.86             0.77          0.47          0.25  1.29   0.79
DH_EVAL_0171     33.52  55.89            0.56         0.83     0.67             0.72             0.43          1.37          0.42  1.06   0.56
DH_EVAL_0172      1.98   4.42            0.98         0.99     0.98             0.98             0.97          0.08          0.04  1.35   0.96
DH_EVAL_0173     50.69  56.41            0.43         0.57     0.49             0.45             0.35          2.05          1.04  1.33   0.47
DH_EVAL_0174      7.23  23.70            0.92         0.98     0.95             0.96             0.87          0.30          0.08  1.45   0.89
DH_EVAL_0175      1.45  17.86            0.98         0.99     0.98             0.98             0.95          0.09          0.03  1.62   0.97
DH_EVAL_0176      3.00   4.09            0.95         0.98     0.97             0.98             0.94          0.18          0.07  2.67   0.96
DH_EVAL_0177      4.25   5.99            0.94         0.97     0.95             0.95             0.90          0.22          0.10  1.44   0.90
DH_EVAL_0178     60.29  84.03            0.29         1.00     0.45             1.00             0.19          2.69          0.00  0.68   0.45
DH_EVAL_0179     15.27  19.23            0.74         0.88     0.80             0.79             0.61          0.71          0.31  1.04   0.68
DH_EVAL_0180      3.47   7.42            0.95         0.97     0.96             0.94             0.92          0.18          0.11  1.33   0.90
DH_EVAL_0181     12.13  25.07            0.83         0.91     0.87             0.85             0.74          0.57          0.28  1.36   0.76
DH_EVAL_0183     14.69  45.58            0.82         0.94     0.88             0.91             0.74          0.56          0.16  1.37   0.80
DH_EVAL_0185     13.64  18.03            0.76         0.89     0.82             0.80             0.61          0.66          0.28  0.99   0.68
DH_EVAL_0186     25.59  80.14            0.64         0.91     0.76             0.81             0.46          1.25          0.23  0.93   0.59
DH_EVAL_0187      3.94   5.86            0.99         0.94     0.97             0.86             0.98          0.05          0.19  1.01   0.90
DH_EVAL_0188      1.07   3.11            0.98         0.99     0.99             0.97             0.96          0.08          0.04  1.02   0.95
DH_EVAL_0189     41.22  70.16            0.76         1.00     0.86             1.00             0.61          0.51          0.00  1.00   0.81
DH_EVAL_0190      9.47  15.18            0.87         0.93     0.90             0.89             0.81          0.39          0.20  1.33   0.82
DH_EVAL_0191     10.39  16.90            0.85         0.92     0.89             0.87             0.77          0.45          0.20  1.24   0.80
DH_EVAL_0192      9.13  14.39            0.88         0.91     0.90             0.87             0.83          0.35          0.24  1.34   0.82
DH_EVAL_0194     60.63  83.80            0.29         0.78     0.42             0.61             0.22          3.11          0.51  1.02   0.41
DH_EVAL_0195      0.00   0.00            1.00         1.00     1.00             1.00             1.00          0.00          0.00  0.83   1.00
DH_EVAL_0196      3.75   9.40            0.94         0.97     0.95             0.95             0.91          0.23          0.13  1.82   0.91
DH_EVAL_0197      8.86  13.32            0.88         0.93     0.90             0.89             0.82          0.38          0.19  1.34   0.83
DH_EVAL_0199     62.67  80.68            0.42         0.74     0.53             0.51             0.26          1.66          0.58  0.75   0.42
DH_EVAL_0200      0.00   0.00            1.00         1.00     1.00             1.00             1.00          0.00          0.00  0.81   1.00
DH_EVAL_0201      9.32  46.00            0.86         0.96     0.91             0.92             0.74          0.41          0.11  1.13   0.82
DH_EVAL_0202      0.00   0.00            1.00         1.00     1.00             1.00             1.00          0.00          0.00  0.78   1.00
DH_EVAL_0203      5.32   7.38            0.93         0.96     0.94             0.94             0.89          0.25          0.11  1.41   0.89
DH_EVAL_0206     33.61  39.73            0.56         0.75     0.64             0.69             0.49          1.61          0.69  1.63   0.59
DH_EVAL_0208     11.66  42.53            0.94         0.89     0.91             0.82             0.90          0.21          0.33  1.31   0.83
DH_EVAL_0209     20.64  87.67            0.82         1.00     0.90             1.00             0.69          0.71          0.00  0.99   0.76
DH_EVAL_0210     45.40  80.86            0.85         1.00     0.92             1.00             0.66          0.34          0.00  0.85   0.84
DH_EVAL_0211      9.73  13.80            0.84         0.92     0.88             0.86             0.76          0.47          0.22  1.21   0.78
DH_EVAL_0213     15.30  18.97            0.74         0.86     0.80             0.77             0.61          0.71          0.35  1.04   0.66
DH_EVAL_0214     31.25  41.49            0.57         0.81     0.67             0.74             0.47          1.60          0.52  1.48   0.60
DH_EVAL_0215      3.10   8.44            0.96         0.97     0.96             0.95             0.92          0.16          0.08  1.21   0.91
DH_EVAL_0216      2.00   2.84            0.97         0.98     0.98             0.98             0.96          0.11          0.06  1.52   0.95
DH_EVAL_0217      3.95   8.48            0.94         0.97     0.95             0.94             0.89          0.22          0.10  1.25   0.89
DH_EVAL_0218      3.43   4.56            0.94         0.98     0.96             0.97             0.93          0.22          0.08  2.59   0.94
DH_EVAL_0219      6.19   9.96            0.91         0.96     0.94             0.93             0.87          0.28          0.12  1.37   0.87
DH_EVAL_0223      7.97  12.49            0.92         0.94     0.93             0.91             0.87          0.26          0.17  1.36   0.86
DH_EVAL_0224      2.89   5.19            0.96         0.98     0.97             0.96             0.94          0.14          0.08  1.41   0.93
DH_EVAL_0225     31.72  81.95            0.66         1.00     0.79             1.00             0.49          1.01          0.00  0.92   0.69
DH_EVAL_0226     10.42  16.10            0.87         0.91     0.89             0.86             0.81          0.39          0.25  1.31   0.81
DH_EVAL_0227     13.48  17.66            0.79         0.88     0.83             0.81             0.70          0.59          0.31  1.21   0.73
DH_EVAL_0228      0.01   0.01            1.00         1.00     1.00             1.00             1.00          0.00          0.00  0.63   1.00
DH_EVAL_0229      6.59  12.39            0.94         0.95     0.94             0.91             0.90          0.20          0.16  1.33   0.88
DH_EVAL_0233      1.06   3.34            0.98         0.99     0.99             0.99             0.98          0.07          0.03  1.58   0.97
DH_EVAL_0235     12.57  21.19            0.78         0.90     0.83             0.79             0.60          0.64          0.25  0.88   0.67
DH_EVAL_0236     35.52  51.90            0.52         0.68     0.59             0.61             0.45          1.84          0.83  1.66   0.56
DH_EVAL_0237      0.00   0.00            1.00         1.00     1.00             1.00             1.00          0.00          0.00  0.44   1.00
DH_EVAL_0238     58.62  77.39            0.24         0.76     0.36             0.56             0.15          2.84          0.54  0.75   0.35
DH_EVAL_0239      0.21   1.03            1.00         1.00     1.00             1.00             0.99          0.01          0.01  1.40   0.99
DH_EVAL_0241      6.73  15.23            0.89         0.94     0.92             0.87             0.79          0.34          0.17  1.03   0.80
DH_EVAL_0242     12.28  15.36            0.80         0.90     0.84             0.83             0.70          0.58          0.27  1.18   0.74
DH_EVAL_0243      3.25   7.58            0.96         0.98     0.97             0.96             0.92          0.17          0.08  1.29   0.91
DH_EVAL_0244      4.19   8.40            0.95         0.97     0.96             0.96             0.93          0.17          0.09  1.37   0.92
DH_EVAL_0245     13.52  32.24            0.81         0.89     0.85             0.84             0.73          0.63          0.29  1.40   0.76
DH_EVAL_0247     11.56  14.37            0.82         0.91     0.86             0.86             0.74          0.52          0.25  1.27   0.77
DH_EVAL_0253      1.89  12.86            0.97         0.99     0.98             0.99             0.97          0.11          0.04  2.55   0.97
DH_EVAL_0254     44.56  68.15            0.52         0.70     0.60             0.61             0.44          1.85          0.69  1.53   0.56
DH_EVAL_0255     18.18  21.79            0.69         0.84     0.76             0.72             0.53          0.82          0.41  0.92   0.61
DH_EVAL_0256     10.24  15.03            0.89         0.93     0.91             0.89             0.83          0.33          0.20  1.35   0.84
DH_EVAL_0257      6.79  11.33            0.95         0.95     0.95             0.93             0.94          0.21          0.14  2.56   0.94
DH_EVAL_0259     56.60  88.48            0.23         1.00     0.37             1.00             0.10          2.91          0.00  0.40   0.35
*** OVERALL ***  16.64  38.56            0.83         0.92     0.87             0.92             0.83          0.60          0.23  8.70   0.95
