File               DER    JER    B3-Precision    B3-Recall    B3-F1    GKT(ref, sys)    GKT(sys, ref)    H(ref|sys)    H(sys|ref)    MI    NMI
---------------  -----  -----  --------------  -----------  -------  ---------------  ---------------  ------------  ------------  ----  -----
DH_EVAL_0001      6.55  35.98            0.96         0.94     0.95             0.90             0.92          0.15          0.13  1.39   0.91
DH_EVAL_0002     30.11  74.40            0.44         1.00     0.61             1.00             0.10          1.46          0.00  0.26   0.39
DH_EVAL_0003      8.04  18.28            0.73         0.88     0.80             0.79             0.60          0.71          0.32  1.03   0.67
DH_EVAL_0004      2.37  13.02            0.86         0.93     0.89             0.88             0.77          0.44          0.19  1.20   0.79
DH_EVAL_0005      5.42  18.24            0.78         0.88     0.83             0.80             0.66          0.64          0.31  1.07   0.70
DH_EVAL_0006      6.11  17.24            0.73         0.89     0.80             0.79             0.59          0.72          0.30  0.99   0.67
DH_EVAL_0007      6.51  18.67            0.75         0.87     0.80             0.78             0.62          0.69          0.34  1.07   0.68
DH_EVAL_0008      5.20  14.98            0.79         0.91     0.85             0.83             0.66          0.58          0.24  1.04   0.72
DH_EVAL_0009     27.81  52.16            0.50         0.68     0.57             0.61             0.43          1.87          0.91  1.57   0.54
DH_EVAL_0010      2.18  10.03            0.89         0.94     0.91             0.90             0.84          0.34          0.18  1.35   0.84
DH_EVAL_0011      4.27  15.03            0.79         0.91     0.85             0.84             0.67          0.59          0.24  1.03   0.72
DH_EVAL_0012      3.48  17.01            0.77         0.88     0.82             0.79             0.65          0.65          0.31  1.03   0.69
DH_EVAL_0013      0.00   0.00            1.00         1.00     1.00             1.00             1.00          0.00          0.00  0.76   1.00
DH_EVAL_0014      2.44  17.62            0.88         0.94     0.91             0.89             0.81          0.42          0.17  1.40   0.83
DH_EVAL_0015     40.91  67.44            0.39         0.61     0.48             0.40             0.27          2.27          1.00  0.94   0.38
DH_EVAL_0016      5.19  16.43            0.79         0.89     0.84             0.83             0.70          0.59          0.28  1.22   0.74
DH_EVAL_0017     27.21  91.22            0.45         1.00     0.63             1.00             0.30          2.06          0.00  0.80   0.53
DH_EVAL_0018     38.58  79.71            0.71         1.00     0.83             1.00             0.55          0.73          0.00  1.00   0.76
DH_EVAL_0019     55.55  86.14            0.19         1.00     0.31             1.00             0.04          2.88          0.00  0.21   0.26
DH_EVAL_0020     28.04  89.55            0.69         1.00     0.81             1.00             0.53          1.04          0.00  0.95   0.69
DH_EVAL_0021      1.39   9.60            0.93         0.95     0.94             0.92             0.89          0.23          0.15  1.42   0.88
DH_EVAL_0022      4.82  18.31            0.76         0.87     0.81             0.78             0.65          0.67          0.35  1.09   0.68
DH_EVAL_0023      0.07   5.65            0.98         0.98     0.98             0.97             0.96          0.09          0.05  1.31   0.95
DH_EVAL_0024      2.72  13.62            0.90         0.92     0.91             0.88             0.85          0.31          0.21  1.37   0.84
DH_EVAL_0025     42.99  86.78            0.57         1.00     0.72             1.00             0.41          1.26          0.00  0.95   0.66
DH_EVAL_0026      6.13  18.50            0.71         0.87     0.78             0.76             0.55          0.77          0.33  0.90   0.63
DH_EVAL_0027      0.62  18.68            0.96         0.99     0.98             0.98             0.94          0.16          0.04  1.94   0.95
DH_EVAL_0028      3.91  19.39            0.74         0.86     0.80             0.76             0.62          0.71          0.37  1.05   0.66
DH_EVAL_0029      5.65  16.24            0.77         0.89     0.83             0.82             0.65          0.64          0.28  1.11   0.71
DH_EVAL_0030      7.06  15.67            0.80         0.91     0.85             0.85             0.69          0.57          0.24  1.16   0.74
DH_EVAL_0031     47.40  86.18            0.54         1.00     0.70             1.00             0.39          1.46          0.00  0.93   0.62
DH_EVAL_0032     10.27  21.08            0.68         0.87     0.76             0.76             0.52          0.82          0.35  0.89   0.61
DH_EVAL_0033      3.75  15.76            0.79         0.90     0.84             0.81             0.66          0.60          0.29  1.04   0.71
DH_EVAL_0034     52.45  86.99            0.22         1.00     0.36             1.00             0.09          2.80          0.00  0.37   0.34
DH_EVAL_0035     12.66  26.62            0.61         0.85     0.71             0.69             0.41          0.96          0.38  0.73   0.53
DH_EVAL_0036      6.33  19.49            0.75         0.86     0.80             0.77             0.62          0.67          0.35  1.06   0.68
DH_EVAL_0037     20.00  44.55            0.66         0.76     0.70             0.71             0.61          1.34          0.69  2.08   0.68
DH_EVAL_0038      0.00   0.07            1.00         1.00     1.00             1.00             1.00          0.01          0.01  0.83   0.99
DH_EVAL_0039      0.46  23.94            0.96         0.98     0.97             0.94             0.89          0.15          0.05  0.84   0.90
DH_EVAL_0040      0.00   0.00            1.00         1.00     1.00             1.00             1.00          0.00          0.00  0.75   1.00
DH_EVAL_0041      0.37  13.34            0.95         0.99     0.97             0.97             0.89          0.19          0.05  1.08   0.90
DH_EVAL_0042      0.06   4.59            0.98         0.99     0.98             0.98             0.96          0.09          0.05  1.36   0.95
DH_EVAL_0043      0.93   4.32            0.97         0.99     0.98             0.98             0.94          0.12          0.04  1.31   0.94
DH_EVAL_0044     27.01  48.71            0.39         0.63     0.48             0.55             0.33          2.35          1.09  1.52   0.48
DH_EVAL_0045      0.45   4.77            0.97         0.98     0.97             0.96             0.95          0.13          0.08  1.47   0.93
DH_EVAL_0046      0.16   7.93            0.95         0.96     0.96             0.94             0.92          0.19          0.11  1.33   0.90
DH_EVAL_0047      3.06  14.56            0.82         0.90     0.85             0.83             0.72          0.55          0.28  1.16   0.74
DH_EVAL_0048      5.10  16.31            0.78         0.89     0.84             0.82             0.68          0.61          0.28  1.15   0.73
DH_EVAL_0049      2.50   5.20            0.98         0.97     0.98             0.95             0.96          0.09          0.10  1.37   0.94
DH_EVAL_0050      0.01   8.12            0.97         0.99     0.98             0.98             0.94          0.13          0.03  1.28   0.94
DH_EVAL_0051      1.95  13.13            0.92         0.95     0.93             0.91             0.87          0.27          0.16  1.35   0.86
DH_EVAL_0052      0.20  11.03            0.97         0.98     0.98             0.94             0.92          0.11          0.05  0.81   0.91
DH_EVAL_0053     29.69  77.43            0.67         1.00     0.80             1.00             0.51          0.81          0.00  0.94   0.73
DH_EVAL_0054      0.35   4.15            0.99         0.99     0.99             0.99             0.97          0.06          0.02  1.29   0.97
DH_EVAL_0055      4.17  18.77            0.88         0.91     0.89             0.86             0.82          0.33          0.24  1.31   0.82
DH_EVAL_0056     16.11  44.07            0.58         0.78     0.67             0.72             0.52          1.67          0.64  1.75   0.61
DH_EVAL_0057      1.57  18.53            0.88         0.92     0.90             0.87             0.82          0.35          0.18  1.28   0.83
DH_EVAL_0058      0.33  10.22            0.96         0.98     0.97             0.95             0.92          0.16          0.06  1.22   0.92
DH_EVAL_0059      3.87  17.50            0.86         0.92     0.89             0.87             0.80          0.41          0.21  1.31   0.81
DH_EVAL_0060      1.22  10.95            0.93         0.94     0.94             0.91             0.90          0.19          0.16  1.41   0.89
DH_EVAL_0061     47.66  67.78            0.27         0.86     0.41             0.72             0.16          2.50          0.32  0.88   0.44
DH_EVAL_0062      7.23  23.62            0.72         0.89     0.79             0.76             0.54          0.76          0.29  0.87   0.63
DH_EVAL_0063     43.40  69.60            0.57         1.00     0.73             1.00             0.37          1.00          0.00  0.77   0.66
DH_EVAL_0064      3.22  42.31            0.87         0.92     0.89             0.87             0.81          0.42          0.24  1.33   0.80
DH_EVAL_0065      4.09  17.84            0.78         0.88     0.83             0.81             0.68          0.62          0.31  1.19   0.72
DH_EVAL_0066      4.21  40.39            0.89         0.98     0.93             0.97             0.82          0.38          0.05  1.46   0.87
DH_EVAL_0067     54.38  93.12            0.53         1.00     0.69             1.00             0.38          1.59          0.00  0.98   0.62
DH_EVAL_0068      4.11  13.63            0.80         0.91     0.85             0.85             0.68          0.56          0.23  1.11   0.74
DH_EVAL_0069      1.87  13.64            0.90         0.92     0.91             0.87             0.85          0.30          0.23  1.34   0.83
DH_EVAL_0070      0.24   5.08            0.97         0.98     0.98             0.97             0.94          0.13          0.05  1.32   0.94
DH_EVAL_0071      2.68  19.95            0.94         0.97     0.95             0.96             0.92          0.24          0.11  2.20   0.93
DH_EVAL_0072      1.47   5.57            0.95         0.98     0.96             0.97             0.92          0.21          0.07  1.68   0.92
DH_EVAL_0073      0.00   0.00            1.00         1.00     1.00             1.00             1.00          0.00          0.00  0.97   1.00
DH_EVAL_0074      4.63  18.50            0.84         0.90     0.87             0.85             0.77          0.45          0.25  1.33   0.79
DH_EVAL_0075      0.70   6.44            0.96         0.97     0.97             0.95             0.94          0.13          0.10  1.36   0.92
DH_EVAL_0076      7.12  17.32            0.80         0.92     0.86             0.86             0.68          0.57          0.23  1.10   0.74
DH_EVAL_0077      0.00   0.00            1.00         1.00     1.00             1.00             1.00          0.00          0.00  0.87   1.00
DH_EVAL_0078     25.05  74.19            0.47         0.90     0.62             0.67             0.25          1.62          0.24  0.63   0.45
DH_EVAL_0079      4.38  20.88            0.79         0.93     0.86             0.85             0.65          0.59          0.19  1.01   0.73
DH_EVAL_0080      7.58  37.38            0.78         0.87     0.82             0.60             0.48          0.62          0.37  0.61   0.56
DH_EVAL_0081      0.00   0.00            1.00         1.00     1.00             1.00             1.00          0.00          0.00  0.64   1.00
DH_EVAL_0082      0.79  27.18            0.98         0.99     0.99             0.99             0.97          0.09          0.02  1.66   0.97
DH_EVAL_0083      2.64  16.20            0.90         0.93     0.91             0.89             0.84          0.30          0.16  1.32   0.85
DH_EVAL_0084      1.01  27.67            0.98         1.00     0.99             1.00             0.96          0.07          0.01  1.50   0.97
DH_EVAL_0085     20.31  57.14            0.68         0.84     0.75             0.76             0.56          0.99          0.38  1.20   0.64
DH_EVAL_0086     51.20  90.16            0.71         1.00     0.83             1.00             0.54          0.77          0.00  1.00   0.75
DH_EVAL_0087      3.91  15.56            0.77         0.90     0.83             0.83             0.65          0.64          0.27  1.10   0.71
DH_EVAL_0088      8.63  24.69            0.67         0.83     0.74             0.70             0.51          0.86          0.41  0.92   0.60
DH_EVAL_0089      3.45  15.57            0.78         0.90     0.84             0.82             0.66          0.62          0.27  1.06   0.71
DH_EVAL_0090     32.65  51.42            0.81         0.66     0.73             0.59             0.76          0.55          0.81  1.84   0.73
DH_EVAL_0091      4.14  16.31            0.76         0.88     0.82             0.80             0.64          0.66          0.31  1.03   0.69
DH_EVAL_0092      0.31   6.47            0.96         0.97     0.96             0.95             0.94          0.13          0.11  1.33   0.92
DH_EVAL_0093      5.73  15.61            0.78         0.91     0.84             0.85             0.66          0.61          0.25  1.08   0.72
DH_EVAL_0094      5.78  41.44            0.86         0.94     0.90             0.90             0.79          0.44          0.19  1.33   0.81
DH_EVAL_0095     30.51  56.23            0.73         0.87     0.79             0.79             0.61          0.83          0.31  1.20   0.69
DH_EVAL_0096      2.12   8.18            0.93         0.95     0.94             0.93             0.89          0.25          0.14  1.44   0.88
DH_EVAL_0097      1.15  17.55            0.89         0.91     0.90             0.87             0.83          0.32          0.22  1.32   0.83
DH_EVAL_0098      5.77  23.78            0.82         0.91     0.86             0.83             0.68          0.50          0.25  1.03   0.73
DH_EVAL_0099      0.27   1.95            0.98         0.99     0.99             0.99             0.98          0.08          0.03  2.80   0.98
DH_EVAL_0100     38.10  69.18            0.46         0.68     0.55             0.58             0.36          2.10          0.80  1.40   0.50
DH_EVAL_0101      0.00  50.07            1.00         1.00     1.00             1.00             0.99          0.01          0.00  0.96   0.99
DH_EVAL_0102      5.50  19.67            0.86         0.90     0.88             0.84             0.79          0.39          0.25  1.32   0.81
DH_EVAL_0103      0.47   5.60            0.96         0.97     0.96             0.95             0.93          0.16          0.11  1.44   0.91
DH_EVAL_0104      1.98  11.69            0.94         0.96     0.95             0.93             0.90          0.19          0.12  1.32   0.90
DH_EVAL_0105     42.82  72.51            0.49         0.96     0.64             0.92             0.38          1.81          0.09  1.15   0.60
DH_EVAL_0106      4.27  13.27            0.80         0.91     0.85             0.85             0.69          0.56          0.23  1.12   0.74
DH_EVAL_0107      0.54   2.40            0.98         0.99     0.98             0.99             0.97          0.10          0.05  1.81   0.96
DH_EVAL_0108      3.43  16.07            0.87         0.95     0.91             0.90             0.78          0.39          0.14  1.16   0.82
DH_EVAL_0109      6.64  18.51            0.73         0.88     0.80             0.79             0.59          0.73          0.32  1.00   0.66
DH_EVAL_0110      6.70  18.36            0.75         0.89     0.81             0.81             0.63          0.67          0.29  1.11   0.70
DH_EVAL_0111     13.87  45.88            0.49         0.79     0.60             0.74             0.42          2.21          0.60  1.87   0.59
DH_EVAL_0112     31.16  90.73            0.65         1.00     0.79             1.00             0.49          1.25          0.00  1.00   0.67
DH_EVAL_0113      0.52   9.75            0.92         0.95     0.94             0.92             0.88          0.26          0.15  1.35   0.87
DH_EVAL_0114      4.51  21.65            0.75         0.89     0.82             0.79             0.60          0.68          0.27  0.97   0.68
DH_EVAL_0115      5.24  17.74            0.82         0.91     0.86             0.87             0.75          0.64          0.26  1.58   0.78
DH_EVAL_0116     53.21  81.60            0.50         1.00     0.67             1.00             0.36          1.52          0.00  0.94   0.62
DH_EVAL_0117      8.18  21.15            0.81         0.88     0.84             0.81             0.72          0.53          0.31  1.21   0.74
DH_EVAL_0118      1.63  12.73            0.88         0.93     0.91             0.89             0.82          0.37          0.18  1.26   0.82
DH_EVAL_0119      3.34  13.59            0.80         0.91     0.85             0.85             0.70          0.56          0.25  1.13   0.74
DH_EVAL_0120      3.36  16.49            0.81         0.92     0.86             0.86             0.70          0.54          0.21  1.15   0.76
DH_EVAL_0121      2.69  16.50            0.91         0.94     0.93             0.90             0.86          0.26          0.16  1.28   0.86
DH_EVAL_0122      0.00   0.02            1.00         1.00     1.00             1.00             1.00          0.00          0.00  0.77   1.00
DH_EVAL_0123      3.46  20.57            0.75         0.88     0.81             0.79             0.61          0.68          0.29  1.04   0.69
DH_EVAL_0124      0.05   5.26            0.95         0.98     0.96             0.96             0.92          0.19          0.08  1.47   0.92
DH_EVAL_0125      5.58  44.39            0.91         0.95     0.93             0.91             0.85          0.28          0.13  1.29   0.86
DH_EVAL_0126      3.58  15.52            0.79         0.89     0.83             0.81             0.66          0.61          0.30  1.04   0.70
DH_EVAL_0127      1.50  14.96            0.92         0.93     0.93             0.89             0.87          0.23          0.20  1.30   0.86
DH_EVAL_0128      0.09  50.54            0.97         1.00     0.98             1.00             0.86          0.14          0.00  0.51   0.89
DH_EVAL_0129      6.62  22.72            0.68         0.83     0.74             0.68             0.50          0.84          0.49  0.82   0.56
DH_EVAL_0130      4.56  13.63            0.85         0.90     0.88             0.85             0.77          0.46          0.26  1.23   0.78
DH_EVAL_0131      8.51  48.61            0.84         0.86     0.85             0.80             0.77          0.42          0.33  1.25   0.77
DH_EVAL_0132      1.43   5.82            0.95         0.97     0.96             0.95             0.92          0.19          0.10  1.38   0.91
DH_EVAL_0133      8.09  47.46            0.72         0.88     0.79             0.81             0.61          0.86          0.30  1.15   0.67
DH_EVAL_0134      4.04  19.32            0.82         0.93     0.87             0.84             0.67          0.52          0.20  0.99   0.74
DH_EVAL_0135      1.87  14.01            0.88         0.91     0.90             0.87             0.83          0.35          0.24  1.34   0.82
DH_EVAL_0136      5.97  16.28            0.79         0.89     0.84             0.82             0.67          0.56          0.29  1.11   0.73
DH_EVAL_0137      1.00   2.30            0.96         0.99     0.97             0.98             0.95          0.16          0.05  2.57   0.96
DH_EVAL_0138      1.96  11.43            0.93         0.96     0.95             0.93             0.88          0.24          0.12  1.23   0.87
DH_EVAL_0139     26.96  44.55            0.47         0.68     0.56             0.60             0.40          1.92          0.95  1.47   0.51
DH_EVAL_0140      1.05  12.82            0.97         0.99     0.98             0.99             0.95          0.13          0.02  2.51   0.97
DH_EVAL_0141      6.86  16.91            0.76         0.92     0.83             0.85             0.64          0.63          0.23  1.08   0.72
DH_EVAL_0142      2.80  34.46            0.96         0.97     0.97             0.96             0.94          0.11          0.07  1.50   0.94
DH_EVAL_0143     19.67  62.77            0.76         1.00     0.86             1.00             0.60          0.53          0.00  0.94   0.80
DH_EVAL_0144      0.36   7.59            0.94         0.96     0.95             0.93             0.90          0.22          0.13  1.37   0.89
DH_EVAL_0145      6.06  42.87            0.90         0.91     0.91             0.86             0.86          0.32          0.29  1.39   0.82
DH_EVAL_0146      6.06   9.54            0.99         0.94     0.96             0.92             0.99          0.04          0.13  1.94   0.96
DH_EVAL_0147      0.11   7.89            0.96         0.98     0.97             0.96             0.92          0.16          0.07  1.30   0.92
DH_EVAL_0148      4.59  15.01            0.80         0.91     0.85             0.84             0.70          0.56          0.24  1.17   0.75
DH_EVAL_0149      0.13   5.70            0.96         0.98     0.97             0.96             0.94          0.15          0.07  1.38   0.92
DH_EVAL_0150      0.00   0.00            1.00         1.00     1.00             1.00             1.00          0.00          0.00  0.67   1.00
DH_EVAL_0151      0.00   0.02            1.00         1.00     1.00             1.00             1.00          0.00          0.00  0.75   1.00
DH_EVAL_0152     50.66  82.40            0.35         0.73     0.47             0.60             0.27          2.81          0.63  1.17   0.44
DH_EVAL_0153     18.18  56.72            0.62         0.86     0.72             0.75             0.47          1.15          0.31  1.03   0.60
DH_EVAL_0154      3.43  14.25            0.88         0.93     0.91             0.89             0.83          0.35          0.18  1.38   0.84
DH_EVAL_0155      3.11  10.21            0.91         0.94     0.93             0.91             0.87          0.30          0.16  1.39   0.86
DH_EVAL_0156     17.51  61.30            0.84         1.00     0.91             1.00             0.71          0.38          0.00  0.99   0.85
DH_EVAL_0157      1.64  11.49            0.92         0.94     0.93             0.92             0.88          0.25          0.15  1.39   0.87
DH_EVAL_0158      1.38   7.21            0.96         0.96     0.96             0.94             0.93          0.14          0.10  1.44   0.92
DH_EVAL_0159      0.96  11.92            0.93         0.96     0.95             0.92             0.87          0.24          0.12  1.11   0.86
DH_EVAL_0160     53.76  77.65            0.41         0.69     0.51             0.55             0.33          2.51          0.69  1.31   0.47
DH_EVAL_0161     29.97  68.29            0.49         0.77     0.60             0.70             0.41          2.10          0.64  1.64   0.56
DH_EVAL_0162      6.70  17.91            0.72         0.87     0.79             0.77             0.57          0.74          0.34  0.94   0.64
DH_EVAL_0163      2.49  13.51            0.90         0.93     0.91             0.90             0.84          0.32          0.19  1.36   0.84
DH_EVAL_0164     23.71  66.94            0.58         0.73     0.65             0.65             0.49          1.75          0.71  1.51   0.56
DH_EVAL_0165      0.00   0.07            1.00         1.00     1.00             1.00             1.00          0.00          0.00  0.96   1.00
DH_EVAL_0166     46.19  73.25            0.53         0.67     0.59             0.51             0.39          1.67          0.82  1.17   0.49
DH_EVAL_0167      1.23  10.23            0.92         0.95     0.94             0.93             0.88          0.24          0.13  1.44   0.89
DH_EVAL_0168      2.39  16.04            0.79         0.89     0.84             0.80             0.65          0.60          0.29  0.97   0.69
DH_EVAL_0169      0.55   5.84            0.96         0.98     0.97             0.96             0.93          0.15          0.07  1.36   0.93
DH_EVAL_0170      3.12  14.05            0.84         0.91     0.87             0.86             0.77          0.47          0.25  1.29   0.79
DH_EVAL_0171     25.45  55.89            0.56         0.83     0.67             0.72             0.43          1.38          0.42  1.05   0.56
DH_EVAL_0172      0.36   4.42            0.98         0.99     0.98             0.98             0.97          0.08          0.04  1.35   0.96
DH_EVAL_0173     46.37  56.41            0.43         0.57     0.49             0.45             0.35          2.05          1.04  1.33   0.47
DH_EVAL_0174      3.82  23.70            0.92         0.98     0.95             0.96             0.87          0.30          0.08  1.45   0.89
DH_EVAL_0175      0.59  17.86            0.98         0.99     0.98             0.98             0.95          0.09          0.03  1.62   0.97
DH_EVAL_0176      1.50   4.09            0.95         0.98     0.97             0.98             0.94          0.18          0.07  2.67   0.96
DH_EVAL_0177      0.45   6.29            0.93         0.97     0.95             0.95             0.90          0.23          0.11  1.43   0.89
DH_EVAL_0178     56.64  84.04            0.29         1.00     0.45             1.00             0.19          2.69          0.00  0.68   0.45
DH_EVAL_0179      5.42  19.23            0.74         0.88     0.80             0.79             0.61          0.71          0.31  1.04   0.68
DH_EVAL_0180      0.33   7.42            0.95         0.97     0.96             0.94             0.92          0.18          0.11  1.32   0.90
DH_EVAL_0181      3.32  25.07            0.83         0.91     0.87             0.85             0.74          0.57          0.28  1.35   0.76
DH_EVAL_0182      3.38  19.17            0.78         0.90     0.84             0.81             0.64          0.62          0.25  0.97   0.69
DH_EVAL_0183      9.88  45.59            0.82         0.94     0.88             0.91             0.74          0.56          0.16  1.38   0.80
DH_EVAL_0184      3.98  17.85            0.79         0.90     0.84             0.82             0.69          0.59          0.28  1.15   0.73
DH_EVAL_0185      4.42  18.03            0.76         0.89     0.82             0.79             0.61          0.66          0.28  0.99   0.68
DH_EVAL_0186     16.78  80.14            0.64         0.91     0.75             0.80             0.45          1.26          0.23  0.91   0.58
DH_EVAL_0187      3.39   5.86            0.99         0.94     0.97             0.86             0.98          0.05          0.19  1.01   0.90
DH_EVAL_0188      0.12   3.11            0.98         0.99     0.99             0.97             0.96          0.08          0.04  1.02   0.95
DH_EVAL_0189     37.39  69.96            0.76         1.00     0.86             1.00             0.61          0.52          0.00  1.00   0.81
DH_EVAL_0190      2.82  15.57            0.87         0.92     0.90             0.88             0.81          0.40          0.21  1.32   0.82
DH_EVAL_0191      2.81  16.90            0.85         0.92     0.88             0.87             0.77          0.45          0.20  1.24   0.79
DH_EVAL_0192      3.12  14.39            0.88         0.91     0.90             0.87             0.82          0.35          0.24  1.34   0.82
DH_EVAL_0193      4.12  13.66            0.80         0.91     0.85             0.84             0.68          0.58          0.24  1.08   0.73
DH_EVAL_0194     53.91  83.80            0.29         0.78     0.42             0.61             0.22          3.12          0.51  1.01   0.40
DH_EVAL_0195      0.00   0.00            1.00         1.00     1.00             1.00             1.00          0.00          0.00  0.83   1.00
DH_EVAL_0196      1.18   9.40            0.94         0.97     0.95             0.95             0.91          0.23          0.13  1.82   0.91
DH_EVAL_0197      1.09  13.27            0.88         0.93     0.90             0.89             0.82          0.38          0.19  1.34   0.83
DH_EVAL_0198      6.42  18.83            0.74         0.88     0.80             0.80             0.61          0.71          0.31  1.08   0.69
DH_EVAL_0199     60.54  80.68            0.42         0.74     0.53             0.51             0.26          1.67          0.59  0.74   0.41
DH_EVAL_0200      0.00   0.00            1.00         1.00     1.00             1.00             1.00          0.00          0.00  0.81   1.00
DH_EVAL_0201      5.83  46.00            0.86         0.96     0.91             0.92             0.74          0.41          0.11  1.13   0.82
DH_EVAL_0202      0.00   0.00            1.00         1.00     1.00             1.00             1.00          0.00          0.00  0.78   1.00
DH_EVAL_0203      1.23   7.38            0.93         0.96     0.94             0.94             0.89          0.25          0.12  1.41   0.89
DH_EVAL_0204      0.54   5.04            0.96         0.97     0.96             0.96             0.93          0.16          0.09  1.49   0.92
DH_EVAL_0205      0.98   7.31            0.96         0.96     0.96             0.94             0.94          0.14          0.11  1.41   0.92
DH_EVAL_0206     16.63  39.73            0.56         0.75     0.64             0.69             0.49          1.61          0.69  1.62   0.59
DH_EVAL_0207      1.77  11.95            0.94         0.95     0.94             0.91             0.89          0.21          0.11  1.23   0.88
DH_EVAL_0208     10.05  42.53            0.94         0.89     0.91             0.82             0.90          0.21          0.33  1.31   0.83
DH_EVAL_0209     14.76  87.67            0.81         1.00     0.90             1.00             0.68          0.74          0.00  0.98   0.76
DH_EVAL_0210     44.34  80.86            0.56         1.00     0.72             1.00             0.33          1.00          0.00  0.70   0.64
DH_EVAL_0211      3.07  13.80            0.84         0.92     0.88             0.86             0.75          0.47          0.22  1.20   0.78
DH_EVAL_0212      2.13  13.88            0.89         0.93     0.91             0.89             0.84          0.33          0.19  1.38   0.84
DH_EVAL_0213      8.58  18.97            0.74         0.86     0.79             0.77             0.60          0.71          0.35  1.03   0.66
DH_EVAL_0214     12.05  41.49            0.57         0.81     0.67             0.74             0.47          1.60          0.52  1.48   0.60
DH_EVAL_0215      0.66   8.44            0.96         0.97     0.96             0.95             0.92          0.16          0.08  1.21   0.91
DH_EVAL_0216      0.05   2.84            0.97         0.98     0.98             0.98             0.96          0.11          0.06  1.52   0.95
DH_EVAL_0217      0.38   8.48            0.94         0.97     0.95             0.94             0.89          0.22          0.10  1.25   0.89
DH_EVAL_0218      0.99   4.56            0.94         0.98     0.96             0.97             0.93          0.22          0.08  2.59   0.94
DH_EVAL_0219      1.07   9.96            0.91         0.96     0.93             0.93             0.87          0.28          0.12  1.37   0.87
DH_EVAL_0220      1.28  10.59            0.96         0.96     0.96             0.93             0.93          0.12          0.12  1.29   0.91
DH_EVAL_0221      4.34  20.61            0.75         0.87     0.80             0.75             0.60          0.70          0.35  0.96   0.65
DH_EVAL_0222      1.46   9.81            0.92         0.94     0.93             0.92             0.88          0.28          0.17  1.42   0.86
DH_EVAL_0223      1.62  12.06            0.92         0.94     0.93             0.91             0.87          0.26          0.17  1.37   0.87
DH_EVAL_0224      0.42   5.19            0.96         0.98     0.97             0.96             0.94          0.15          0.08  1.41   0.93
DH_EVAL_0225     24.38  81.95            0.65         1.00     0.79             1.00             0.48          1.02          0.00  0.91   0.69
DH_EVAL_0226      4.01  17.24            0.86         0.90     0.88             0.84             0.79          0.42          0.28  1.28   0.79
DH_EVAL_0227      4.12  17.50            0.79         0.88     0.84             0.81             0.70          0.59          0.31  1.20   0.73
DH_EVAL_0228      0.00   0.01            1.00         1.00     1.00             1.00             1.00          0.00          0.00  0.63   1.00
DH_EVAL_0229      2.24  12.39            0.94         0.95     0.94             0.91             0.90          0.20          0.16  1.33   0.88
DH_EVAL_0230      9.10  22.76            0.69         0.86     0.77             0.75             0.55          0.80          0.34  1.00   0.65
DH_EVAL_0231      1.97  19.54            0.85         0.92     0.88             0.84             0.73          0.46          0.18  1.04   0.77
DH_EVAL_0232      5.45  22.04            0.76         0.89     0.82             0.81             0.63          0.66          0.26  1.08   0.71
DH_EVAL_0233      0.14   3.34            0.98         0.99     0.99             0.99             0.98          0.07          0.03  1.58   0.97
DH_EVAL_0234      8.82  23.17            0.71         0.83     0.77             0.73             0.58          0.77          0.41  1.03   0.64
DH_EVAL_0235      5.35  21.19            0.77         0.90     0.83             0.79             0.60          0.64          0.25  0.87   0.67
DH_EVAL_0236     24.34  51.90            0.52         0.68     0.59             0.61             0.45          1.85          0.83  1.65   0.56
DH_EVAL_0237      0.00   0.00            1.00         1.00     1.00             1.00             1.00          0.00          0.00  0.36   1.00
DH_EVAL_0238     56.51  77.39            0.24         0.76     0.36             0.56             0.15          2.84          0.54  0.74   0.35
DH_EVAL_0239      0.02   1.03            1.00         1.00     1.00             1.00             0.99          0.01          0.01  1.39   0.99
DH_EVAL_0240     10.86  59.36            0.87         1.00     0.93             1.00             0.76          0.32          0.00  0.98   0.87
DH_EVAL_0241      1.81  15.23            0.89         0.94     0.91             0.87             0.79          0.34          0.17  1.03   0.80
DH_EVAL_0242      3.80  15.36            0.80         0.90     0.84             0.83             0.70          0.58          0.27  1.18   0.74
DH_EVAL_0243      0.47   7.58            0.95         0.98     0.97             0.96             0.92          0.17          0.08  1.28   0.91
DH_EVAL_0244      1.04   8.40            0.95         0.97     0.96             0.96             0.92          0.17          0.09  1.37   0.91
DH_EVAL_0245      7.40  32.24            0.81         0.89     0.85             0.84             0.73          0.63          0.29  1.39   0.76
DH_EVAL_0246     13.13  23.74            0.81         0.80     0.80             0.70             0.72          0.55          0.51  1.23   0.70
DH_EVAL_0247      2.45  14.37            0.82         0.91     0.86             0.86             0.74          0.52          0.25  1.27   0.77
DH_EVAL_0248      4.87  25.82            0.71         0.87     0.78             0.68             0.48          0.78          0.31  0.72   0.58
DH_EVAL_0249      8.82  18.81            0.73         0.87     0.79             0.77             0.59          0.73          0.34  0.98   0.65
DH_EVAL_0250      6.06  19.80            0.74         0.88     0.80             0.79             0.61          0.71          0.32  1.09   0.68
DH_EVAL_0251      1.15   7.37            0.94         0.95     0.95             0.93             0.91          0.20          0.15  1.40   0.89
DH_EVAL_0252      3.16  17.09            0.94         0.94     0.94             0.90             0.90          0.15          0.15  1.20   0.89
DH_EVAL_0253      0.61  12.86            0.97         0.99     0.98             0.99             0.97          0.11          0.04  2.55   0.97
DH_EVAL_0254     39.51  68.15            0.52         0.70     0.60             0.60             0.44          1.85          0.69  1.53   0.56
DH_EVAL_0255      7.92  21.79            0.69         0.84     0.76             0.72             0.53          0.82          0.41  0.92   0.61
DH_EVAL_0256      2.64  15.11            0.89         0.92     0.91             0.88             0.83          0.34          0.20  1.35   0.83
DH_EVAL_0257      4.82  11.33            0.95         0.95     0.95             0.93             0.94          0.21          0.14  2.55   0.94
DH_EVAL_0258      1.41   7.19            0.96         0.96     0.96             0.94             0.93          0.14          0.11  1.41   0.92
DH_EVAL_0259     53.32  88.48            0.23         1.00     0.37             1.00             0.10          2.91          0.00  0.40   0.35
*** OVERALL ***   8.88  34.50            0.81         0.91     0.86             0.91             0.81          0.60          0.24  9.14   0.96
